date,open,close,high,low,volume
2023-04-04,28.5,26.93,29.54,26.76,86656.32
2023-04-06,25.71,26.93,27.77,25.48,57097.17
2023-04-07,26.48,27.8,28.36,25.99,61139.63
2023-04-10,26.86,26.49,27.98,26.47,50359.85
2023-04-11,25.95,25.74,26.34,25.63,34697.77
2023-04-12,25.72,25.49,25.89,25.24,25256.56
2023-04-13,25.46,25.37,25.65,25.26,17388.49
2023-04-14,25.58,25.76,25.85,25.53,19796.9
2023-04-17,25.65,25.38,25.72,25.28,15952.79
2023-04-18,25.38,25.07,25.47,25.03,14866.6
2023-04-19,25.11,25.13,25.32,24.94,9651.99
2023-04-20,25.15,24.65,25.2,24.61,12369.75
2023-04-21,24.54,24.65,24.99,24.52,12256.35
2023-04-24,24.71,24.29,24.87,24.19,9975.11
2023-04-25,24.29,23.86,24.46,23.62,10263.38
2023-04-26,24.52,25.67,25.84,24.52,29527.6
2023-04-27,25.33,26.37,27.02,25.31,30191.9
2023-04-28,26.35,26.38,26.6,25.98,16397.74
2023-05-04,26.2,26.55,26.61,26.14,11680.34
2023-05-05,26.4,25.91,26.51,25.76,11191.28
2023-05-08,25.93,25.77,26.08,25.58,7083.25
2023-05-09,25.7,26.29,26.61,25.56,17137.27
2023-05-10,26.22,25.85,26.23,25.65,10841.94
2023-05-11,25.88,25.77,25.97,25.72,5893.86
2023-05-12,25.67,25.76,26.17,25.65,7547.05
2023-05-15,25.8,26.15,26.15,25.66,8530.55
2023-05-16,26.06,26.9,26.9,26.01,17559.07
2023-05-17,26.79,26.79,26.81,26.29,13159.11
2023-05-18,26.59,26.42,26.78,26.32,10185.06
2023-05-19,26.61,27.49,27.83,26.48,22629.73
2023-05-22,27.38,27.77,28.74,27.38,20976.32
2023-05-23,27.58,29.66,30.49,27.58,41219.54
2023-05-24,29.2,28.7,29.44,28.34,31526.49
2023-05-25,28.63,28.0,28.63,27.6,18585.4
2023-05-26,27.86,27.7,27.91,26.84,19393.73
2023-05-29,27.43,27.09,28.25,27.03,21083.37
2023-05-30,27.03,27.07,27.35,26.56,16870.23
2023-05-31,26.92,26.45,27.28,26.42,15392.77
2023-06-01,26.46,26.65,26.74,26.36,11247.17
2023-06-02,26.71,26.53,26.71,26.42,14013.65
2023-06-05,26.5,26.4,26.69,26.21,10998.12
2023-06-06,26.38,26.66,27.3,25.82,30834.54
2023-06-07,26.44,25.85,26.44,25.76,18996.31
2023-06-08,25.87,25.3,25.87,25.16,12489.47
2023-06-09,25.35,25.59,26.04,25.24,10920.8
2023-06-12,25.55,25.64,25.76,25.24,9298.3
2023-06-13,25.45,25.59,25.77,25.45,7113.49
2023-06-14,25.66,26.19,26.39,25.48,20219.34
2023-06-15,25.97,25.97,26.18,25.81,11459.25
2023-06-16,26.06,25.95,26.14,25.87,9082.98
2023-06-19,25.8,25.57,25.88,25.51,11222.28
2023-06-20,25.46,25.26,25.63,25.24,7740.26
2023-06-21,25.37,24.78,25.37,24.67,9804.04
2023-06-26,24.78,24.87,25.02,24.59,6548.95
2023-06-27,24.87,25.14,25.3,24.87,5799.38
2023-06-28,25.18,24.96,25.32,24.5,7949.58
2023-06-29,25.07,25.72,26.02,24.87,15160.61
2023-06-30,25.62,25.93,26.05,25.56,9433.45
2023-07-03,25.79,25.93,26.06,25.78,7077.9
2023-07-04,25.94,26.06,26.22,25.69,8891.81
2023-07-05,25.93,25.7,26.08,25.68,6646.62
2023-07-06,25.75,26.06,26.1,25.63,8282.81
2023-07-07,26.04,26.39,26.73,25.69,16542.46
2023-07-10,26.39,26.15,26.92,26.07,14364.63
2023-07-11,26.03,26.34,26.37,25.85,8798.06
2023-07-12,26.32,26.04,26.42,25.99,7274.23
2023-07-13,26.25,26.18,26.34,25.99,11829.79
2023-07-14,26.15,26.18,26.28,25.99,7823.52
2023-07-17,26.22,26.83,27.17,25.91,18819.62
2023-07-18,26.73,26.63,26.93,26.39,12461.97
2023-07-19,26.72,26.45,26.72,26.26,9850.01
2023-07-20,26.46,26.18,26.53,26.08,8029.83
2023-07-21,26.04,31.42,31.42,25.94,87881.08
2023-07-24,32.36,30.91,32.82,30.27,129921.08
2023-07-25,30.15,29.55,31.57,29.19,109018.22
2023-07-26,28.84,29.0,29.82,28.71,66910.55
2023-07-27,28.81,27.93,29.24,27.85,51581.4
2023-07-28,27.69,27.57,28.21,27.27,35570.26
2023-07-31,27.51,27.56,27.68,27.33,28209.75
2023-08-01,27.41,27.07,27.51,26.94,22146.95
2023-08-02,26.93,27.17,27.35,26.87,16110.52
2023-08-03,27.34,28.27,29.61,27.31,87649.9
2023-08-04,27.94,28.27,29.24,27.08,74689.06
2023-08-07,27.81,27.03,27.83,26.84,44584.01
2023-08-08,26.98,32.43,32.43,26.35,142402.88
2023-08-09,32.76,38.92,38.92,32.49,154250.42
2023-08-10,43.29,46.7,46.7,42.46,159634.0
2023-08-11,48.87,56.04,56.04,47.96,140562.59
2023-08-14,59.95,59.36,62.89,57.01,113575.25
2023-08-15,60.43,58.49,60.43,56.7,94298.75
2023-08-16,58.57,58.47,59.65,56.25,83302.89
2023-08-17,57.01,57.28,58.33,54.35,73958.08
2023-08-18,56.26,55.03,58.47,54.45,69240.57
2023-08-21,54.23,55.87,56.78,52.96,69319.56
2023-08-22,53.07,48.06,53.48,46.19,99439.81
2023-08-23,46.91,47.28,49.1,46.19,65956.0
2023-08-24,46.19,45.31,46.68,44.33,55608.97
2023-08-25,45.31,44.81,47.16,44.35,55040.54
2023-08-28,46.22,43.05,46.62,43.05,63545.39
2023-08-29,42.56,45.33,46.06,42.06,74846.01
2023-08-30,44.65,46.46,46.48,43.9,81451.85
2023-08-31,45.51,50.66,55.73,44.42,172865.2
2023-09-01,46.6,43.38,47.33,43.26,125117.47
2023-09-04,42.41,41.62,43.14,40.96,97664.94
2023-09-05,41.77,39.83,41.99,39.03,80980.21
2023-09-06,39.9,40.1,40.18,39.32,44970.75
2023-09-07,40.2,38.9,40.2,38.82,38857.09
2023-09-08,39.67,39.01,39.76,38.6,40846.49
2023-09-11,38.7,40.83,41.77,38.7,90473.75
2023-09-12,40.02,40.52,44.45,39.8,109511.04
2023-09-13,39.71,39.32,40.87,38.6,71759.34
2023-09-14,39.18,40.77,44.22,39.02,117565.95
2023-09-15,40.6,41.19,43.73,40.1,94090.25
2023-09-18,41.21,41.56,42.46,39.72,85827.96
2023-09-19,41.39,43.3,47.86,41.39,132516.05
2023-09-20,41.87,40.81,43.14,40.1,98388.59
2023-09-21,40.29,39.19,40.4,38.01,70410.04
2023-09-22,39.52,40.84,41.06,38.33,70581.91
2023-09-25,41.16,41.87,43.22,40.39,83841.64
2023-09-26,41.19,40.17,42.32,40.08,62499.1
2023-09-27,40.29,41.53,42.69,39.63,85495.35
2023-09-28,41.66,39.89,41.83,39.85,67513.04
2023-10-09,40.2,42.48,42.5,39.41,79983.0
2023-10-10,42.26,37.49,42.29,37.3,97806.4
2023-10-11,37.07,44.99,44.99,37.06,95383.83
2023-10-12,49.49,50.32,52.95,48.0,164853.94
2023-10-13,48.5,49.59,54.58,48.5,140970.94
2023-10-16,49.65,47.16,50.58,47.07,118361.11
2023-10-17,44.4,44.53,47.13,44.23,93084.05
2023-10-18,44.94,42.6,44.94,42.06,64085.51
2023-10-19,41.96,39.43,42.46,39.11,65474.5
2023-10-20,39.61,37.58,39.61,37.14,52426.65
2023-10-23,37.84,36.24,37.84,35.63,39254.96
2023-10-24,36.36,36.93,37.04,35.64,40423.38
2023-10-25,37.05,37.26,37.64,35.88,46291.08
2023-10-26,37.1,36.17,37.1,35.18,44464.83
2023-10-27,36.16,37.13,37.2,35.26,57475.58
2023-10-30,36.66,37.82,38.18,36.34,68620.85
2023-10-31,37.95,37.28,38.67,36.67,63087.64
2023-11-01,37.35,37.86,38.53,36.6,66177.29
2023-11-02,37.98,36.79,38.08,36.65,47316.94
2023-11-03,37.03,37.63,38.05,36.62,52428.66
2023-11-06,37.43,38.41,38.9,37.43,63938.3
2023-11-07,38.82,38.51,39.47,38.01,61410.56
2023-11-08,38.12,39.2,39.23,37.93,67087.36
2023-11-09,39.32,37.47,40.18,37.35,68890.71
2023-11-10,37.33,38.69,39.9,36.95,72762.58
2023-11-13,38.85,39.14,39.74,38.71,48576.18
2023-11-14,38.92,38.52,39.31,38.24,41100.03
2023-11-15,38.76,38.31,38.81,37.85,35995.02
2023-11-16,38.19,37.41,38.29,37.41,30234.65
2023-11-17,37.26,37.43,37.61,36.77,29879.62
2023-11-20,37.43,38.33,38.39,37.35,38176.55
2023-11-21,38.32,37.68,38.77,37.62,39001.97
2023-11-22,37.57,38.91,39.8,36.81,87204.55
2023-11-23,38.82,40.1,40.22,38.54,95882.81
2023-11-24,39.72,39.14,40.13,38.34,65368.36
2023-11-27,39.0,37.13,39.08,36.91,45986.86
2023-11-28,36.85,36.75,37.08,35.89,32981.3
2023-11-29,36.76,36.38,37.21,36.36,22898.78
2023-11-30,36.34,35.27,36.51,35.23,29094.39
2023-12-01,35.26,35.49,35.91,35.18,18911.15
2023-12-04,35.38,35.67,35.92,35.0,22411.55
2023-12-05,35.38,36.32,36.83,35.38,44381.66
2023-12-06,35.91,34.43,36.26,33.99,47557.05
2023-12-07,34.19,33.13,34.23,33.08,35293.65
2023-12-08,33.36,33.53,33.87,33.1,23702.51
2023-12-11,33.51,33.63,33.76,33.05,20963.33
2023-12-12,33.5,34.94,36.42,33.41,48105.68
2023-12-13,34.91,36.71,38.32,34.43,79126.5
2023-12-14,36.04,35.6,36.12,34.97,53184.47
2023-12-15,35.38,34.2,35.38,33.87,33520.47
2023-12-18,34.1,33.66,34.83,33.53,20463.27
2023-12-19,34.0,33.22,34.0,32.9,19851.88
2023-12-20,33.38,33.22,33.9,33.03,19452.11
2023-12-21,32.92,33.31,33.37,32.09,20817.03
2023-12-22,33.21,32.54,33.21,32.16,18787.57
2023-12-25,32.54,32.22,32.71,32.0,12750.39
2023-12-26,32.36,32.78,33.1,32.1,25275.91
2023-12-27,32.72,32.3,32.78,32.0,17241.03
2023-12-28,32.13,33.22,33.51,31.94,25596.95
2023-12-29,33.17,33.45,34.02,33.17,19430.21
2024-01-02,33.42,33.35,33.88,33.05,15842.97
2024-01-03,33.35,33.33,33.98,33.03,16795.68
2024-01-04,33.27,33.51,33.79,32.94,15868.52
2024-01-05,33.59,32.8,33.59,32.55,14956.26
2024-01-08,32.61,31.85,32.79,31.84,12613.0
2024-01-09,31.82,31.48,32.26,31.32,13082.21
2024-01-10,31.88,30.57,31.88,30.54,13590.94
2024-01-11,30.64,31.55,31.6,30.57,15601.0
2024-01-12,31.43,31.07,31.89,30.98,9977.87
2024-01-15,31.07,30.94,31.35,30.79,8433.98
2024-01-16,31.06,30.71,31.06,30.32,9257.01
2024-01-17,30.88,29.97,30.88,29.97,6693.13
2024-01-18,29.97,30.09,30.15,29.34,12406.92
2024-01-19,30.03,29.46,30.13,29.38,8128.07
2024-01-22,29.29,27.64,29.37,27.25,12411.52
2024-01-23,27.59,27.77,28.14,27.18,10745.63
2024-01-24,27.98,28.2,28.28,27.18,10340.25
2024-01-25,28.24,29.24,29.38,27.92,19219.55
2024-01-26,28.99,28.74,29.58,28.47,13650.52
2024-01-29,29.19,28.3,30.37,28.07,26508.44
2024-01-30,27.7,26.97,28.0,26.92,16660.48
2024-01-31,26.91,25.29,26.91,25.26,16113.29
2024-02-01,25.06,25.37,26.13,25.06,12773.38
2024-02-02,25.35,23.62,26.01,22.76,19686.05
2024-02-05,23.59,20.82,23.59,20.22,22202.21
2024-02-06,20.74,21.71,22.17,19.24,21104.67
2024-02-07,21.82,20.44,21.91,20.16,24910.25
2024-02-08,19.71,22.15,22.58,19.71,28045.44
2024-02-19,22.73,23.72,23.86,22.47,27218.97
2024-02-20,23.48,28.47,28.47,23.2,58512.73
2024-02-21,27.95,27.57,28.22,26.54,70037.17
2024-02-22,27.12,29.12,31.34,27.11,80268.5
2024-02-23,28.97,29.61,30.17,28.04,67043.74
2024-02-26,29.62,29.31,30.36,29.07,57823.59
2024-02-27,28.72,29.85,30.05,28.52,52572.92
2024-02-28,31.55,29.22,32.76,28.73,81285.83
2024-02-29,27.72,29.69,29.81,27.62,50590.19
2024-03-01,29.62,29.53,30.33,28.59,44379.8
2024-03-04,29.36,30.75,31.25,28.8,57030.01
2024-03-05,30.26,29.63,30.32,29.25,41151.37
2024-03-06,28.99,29.36,29.68,28.99,22566.06
2024-03-07,28.83,28.14,29.63,28.11,27345.45
2024-03-08,28.76,28.65,29.87,28.43,33214.68
2024-03-11,28.17,28.78,28.92,28.17,22066.75
2024-03-12,28.98,30.07,31.06,28.98,54909.67
2024-03-13,29.51,30.51,30.75,29.35,43772.7
2024-03-14,31.31,29.58,32.21,29.34,59240.28
2024-03-15,29.71,29.98,30.8,29.63,34677.38
2024-03-18,29.88,30.52,30.74,29.65,38562.92
2024-03-19,30.78,32.46,36.03,30.46,103062.51
2024-03-20,32.34,33.38,34.04,31.39,85701.22
2024-03-21,32.59,32.21,33.15,32.09,53851.54
2024-03-22,32.19,31.31,32.6,31.01,38436.72
2024-03-25,30.94,29.64,31.1,29.55,29046.42
2024-03-26,29.52,28.72,29.88,28.22,26775.89
2024-03-27,28.68,28.53,29.86,28.51,23473.29
2024-03-28,28.12,29.39,29.88,27.32,30172.94
2024-03-29,28.5,28.47,29.05,28.16,23551.54
2024-04-01,28.22,29.21,29.45,28.22,20673.4
2024-04-02,29.25,28.23,29.44,28.09,21003.85
2024-04-03,28.19,26.7,28.2,26.42,28593.16
2024-04-08,27.32,26.09,27.34,26.04,14796.3
2024-04-09,26.09,26.3,26.63,25.82,18285.0
2024-04-10,25.81,25.56,26.2,25.27,20213.16
2024-04-11,25.38,25.6,25.9,24.57,13875.64
2024-04-12,25.62,26.13,26.39,25.5,19932.2
2024-04-15,26.0,24.23,26.29,23.68,22055.0
2024-04-16,23.97,22.6,24.24,22.12,20338.56
2024-04-17,22.99,24.05,24.07,22.98,19839.32
2024-04-18,23.95,23.8,24.39,23.78,15880.14
2024-04-19,23.68,23.72,24.1,23.4,11410.93
2024-04-22,23.41,23.39,24.08,22.71,12621.21
2024-04-23,23.4,24.1,24.39,23.35,17516.56
2024-04-24,24.08,24.71,24.77,23.96,14449.17
2024-04-25,24.59,25.05,26.52,24.59,28502.38
2024-04-26,24.57,25.12,25.24,24.35,22311.66
2024-04-29,25.12,25.62,25.73,24.97,21494.72
2024-04-30,25.75,26.33,26.46,25.41,29415.33
2024-05-06,26.84,27.11,27.15,26.27,30263.16
2024-05-07,26.83,28.79,30.52,26.46,58395.42
2024-05-08,28.19,29.77,30.39,27.74,70342.46
2024-05-09,29.01,28.98,29.48,28.49,46605.66
2024-05-10,28.65,27.83,29.48,27.64,37774.93
2024-05-13,27.61,27.25,28.36,27.22,26528.34
2024-05-14,27.25,27.0,27.61,26.82,22076.71
2024-05-15,27.08,26.84,27.08,26.35,13076.9
2024-05-16,26.84,26.69,27.05,26.58,13545.64
2024-05-17,26.61,26.89,27.04,26.45,15231.27
2024-05-20,26.89,26.99,27.07,26.7,12227.19
2024-05-21,27.04,26.71,27.09,26.53,11915.32
2024-05-22,26.75,26.45,27.34,26.39,15132.7
2024-05-23,26.41,25.55,26.48,25.47,21930.32
2024-05-24,25.89,25.21,25.98,25.14,14120.0
2024-05-27,25.59,25.72,25.73,25.0,11836.68
2024-05-28,25.78,25.12,25.78,25.05,10762.19
2024-05-29,25.2,25.04,25.33,24.92,9516.68
2024-05-30,24.89,24.86,25.47,24.66,9956.7
2024-05-31,25.04,25.29,25.32,24.92,11091.0
2024-06-03,25.2,24.33,25.3,24.01,14564.2
2024-06-04,24.39,23.9,24.56,23.68,11401.5
2024-06-05,24.11,23.31,24.11,23.27,11274.47
2024-06-06,23.31,22.09,23.58,21.87,17870.77
2024-06-07,22.3,22.9,23.03,22.24,14243.44
2024-06-11,22.72,23.11,23.17,22.16,11843.0
2024-06-12,23.08,23.74,24.11,22.98,15234.37
2024-06-13,24.11,23.61,24.13,23.48,8899.03
2024-06-14,23.81,23.54,23.86,23.22,8189.36
2024-06-17,23.53,23.35,23.74,23.06,6294.0
2024-06-18,23.56,23.43,23.56,23.17,8165.0
2024-06-19,23.46,23.12,23.61,23.06,8390.53
2024-06-20,23.27,24.28,26.33,23.12,40233.45
2024-06-21,23.57,23.86,24.3,22.67,27946.37
2024-06-24,23.45,22.09,23.45,22.03,22478.97
2024-06-25,22.09,22.23,22.7,22.02,13582.98
2024-06-26,22.36,23.06,23.07,22.22,19582.55
2024-06-27,22.78,22.28,23.05,22.2,14482.12
2024-06-28,22.35,22.31,22.81,22.26,11348.0
2024-07-01,22.32,22.55,22.64,21.99,10032.14
2024-07-02,22.64,22.74,22.97,22.4,9961.18
2024-07-03,22.39,22.09,22.85,22.02,9793.0
2024-07-04,22.08,20.93,22.15,20.8,16559.82
2024-07-05,20.93,21.84,21.92,20.42,15526.0
2024-07-08,21.99,21.04,22.01,20.97,10118.0
2024-07-09,21.05,21.4,21.52,20.43,12287.0
2024-07-10,21.4,21.44,21.89,21.16,9012.37
2024-07-11,21.85,22.14,22.14,21.57,14179.59
2024-07-12,22.06,21.98,22.65,21.83,11373.0
2024-07-15,21.86,21.4,22.19,21.36,7961.0
2024-07-16,21.64,21.3,21.64,21.05,6713.0
2024-07-17,21.28,21.21,21.48,21.05,6903.0
2024-07-18,21.07,21.4,21.57,20.78,12304.7
2024-07-19,21.17,21.46,21.6,21.17,8353.38
2024-07-22,21.5,21.64,21.72,21.29,8463.17
2024-07-23,21.77,21.08,21.77,21.08,7305.5
2024-07-24,21.06,20.62,21.57,20.49,10316.0
2024-07-25,20.62,20.98,21.45,20.29,10256.0
2024-07-26,20.88,21.14,21.25,20.56,8503.0
2024-07-29,21.11,20.93,21.25,20.91,5478.66
2024-07-30,20.82,21.15,21.36,20.76,6764.0
2024-07-31,20.92,21.99,22.11,20.83,16111.0
2024-08-01,22.02,22.26,22.64,21.99,13293.84
2024-08-02,22.03,22.57,23.15,22.01,23939.4
2024-08-05,22.24,21.76,23.04,21.76,19590.0
2024-08-06,22.08,22.71,22.85,21.73,19981.53
2024-08-07,22.56,23.01,23.52,22.32,28596.0
2024-08-08,22.69,23.84,24.83,22.68,57296.82
2024-08-09,23.5,22.35,23.83,22.18,44140.31
2024-08-12,22.02,22.61,23.29,21.89,32179.49
2024-08-13,22.27,22.42,22.52,22.07,18012.2
2024-08-14,22.5,22.09,22.6,21.99,15022.89
2024-08-15,22.08,22.18,22.65,21.85,15520.78
2024-08-16,22.2,22.68,22.76,21.77,21337.78
2024-08-19,22.49,21.81,22.59,21.68,18250.56
2024-08-20,22.22,21.32,22.22,21.25,12669.39
2024-08-21,21.32,21.19,21.55,20.95,10001.76
2024-08-22,21.07,20.4,21.33,20.37,12101.37
2024-08-23,20.39,20.06,20.41,19.68,10568.74
2024-08-26,19.93,20.18,20.31,19.83,7312.0
2024-08-27,20.18,20.23,20.62,20.09,9162.0
2024-08-28,20.05,20.29,20.52,19.83,7770.0
2024-08-29,20.29,20.42,20.55,20.08,7411.0
2024-08-30,20.42,20.72,20.96,20.17,11746.0
2024-09-02,20.87,20.4,20.87,20.4,7745.0
2024-09-03,20.47,20.42,20.81,20.26,7627.59
2024-09-04,20.37,20.22,20.58,20.2,6450.0
2024-09-05,20.13,20.39,20.51,20.13,6154.61
2024-09-06,20.2,19.74,20.49,19.74,7597.84
2024-09-09,19.63,19.72,20.06,19.44,6394.92
2024-09-10,19.74,19.8,20.05,19.44,6504.37
2024-09-11,19.54,19.6,19.84,19.39,4414.0
2024-09-12,19.73,19.42,19.98,19.38,6018.0
2024-09-13,19.48,18.89,19.48,18.88,7537.24
2024-09-18,18.88,18.76,19.08,18.41,5404.19
2024-09-19,18.95,19.23,19.39,18.83,8699.0
2024-09-20,19.24,18.82,19.33,18.77,6453.0
2024-09-23,19.03,18.95,19.17,18.84,4936.0
2024-09-24,19.06,19.47,19.48,18.76,11526.84
2024-09-25,19.58,19.98,20.84,19.58,21595.0
2024-09-26,19.98,20.56,20.82,19.7,24727.32
2024-09-27,20.9,21.51,21.82,20.55,29966.48
2024-09-30,22.06,24.19,24.85,21.92,51025.87
2024-10-22,29.03,29.03,29.03,29.03,6001.59
2024-10-23,34.84,34.84,34.84,34.84,6315.4
2024-10-24,41.8,41.8,41.8,39.4,164739.35
2024-10-25,42.74,50.16,50.16,42.74,221226.44
2024-10-28,53.02,51.06,57.62,47.71,216579.38
2024-10-29,48.62,53.55,58.3,46.96,200099.89
2024-10-30,51.19,46.83,52.18,44.83,155834.69
2024-10-31,46.59,47.81,49.08,45.03,124398.1
2024-11-01,47.31,39.26,47.51,38.76,121098.2
2024-11-04,38.27,39.18,39.92,36.3,71606.26
2024-11-05,38.79,41.0,41.41,38.27,81259.6
2024-11-06,40.52,39.7,41.62,39.22,69677.66
2024-11-07,39.76,40.35,40.41,38.76,58459.37
2024-11-08,41.24,40.48,41.36,39.85,70875.21
2024-11-11,39.81,40.84,40.84,39.32,51862.01
2024-11-12,41.74,39.94,42.63,39.45,88232.47
2024-11-13,39.87,38.64,39.9,36.95,67513.28
2024-11-14,38.63,37.47,38.63,37.3,30731.22
2024-11-15,38.1,36.04,38.26,36.01,32792.0
2024-11-18,36.76,34.48,36.96,34.32,32077.38
2024-11-19,34.78,35.89,36.04,34.69,31918.66
2024-11-20,35.68,36.82,37.19,35.65,34688.61
2024-11-21,37.76,36.98,38.19,36.34,33518.43
2024-11-22,37.65,34.95,37.65,34.79,30613.53
2024-11-25,34.98,35.36,35.92,34.47,22281.0
2024-11-26,35.52,34.66,35.88,34.48,21134.0
2024-11-27,34.65,35.49,35.49,33.98,23762.0
2024-11-28,36.08,35.38,36.48,35.17,25998.58
2024-11-29,35.43,35.48,35.66,34.65,23488.0
2024-12-02,35.88,36.08,36.15,35.48,22947.98
2024-12-03,36.77,35.85,36.77,35.48,21536.8
2024-12-04,35.81,34.86,35.81,34.56,24686.22
2024-12-05,34.84,35.12,35.26,34.65,15887.09
2024-12-06,35.08,34.69,35.2,34.51,26874.0
2024-12-09,34.98,34.61,35.76,34.16,22984.1
2024-12-10,35.38,34.87,35.68,34.8,34596.46
2024-12-11,34.91,34.98,35.71,34.69,28466.57
2024-12-12,35.0,35.27,35.28,34.82,20597.78
2024-12-13,35.27,34.17,35.27,34.17,22715.0
2024-12-16,34.02,33.82,34.64,33.64,19136.0
2024-12-17,33.99,32.57,33.99,32.5,21132.0
2024-12-18,32.57,32.51,32.89,32.04,15916.01
2024-12-19,32.16,32.29,32.63,32.0,16186.1
2024-12-20,32.2,32.9,33.16,32.16,16489.15
2024-12-23,32.86,31.21,32.9,31.21,23072.0
2024-12-24,31.27,31.5,31.69,30.69,15267.0
2024-12-25,31.61,30.2,31.77,30.09,16365.0
2024-12-26,30.77,30.62,31.05,30.13,17798.8
2024-12-27,30.62,30.84,31.08,30.49,11634.0
2024-12-30,30.91,30.61,30.91,30.22,11152.52
2024-12-31,30.61,29.73,30.92,29.72,13354.82
2025-01-02,29.72,29.42,30.29,29.03,15213.2
2025-01-03,29.53,28.55,29.66,28.43,15980.0
2025-01-06,28.55,29.02,29.46,27.88,19997.45
2025-01-07,28.94,29.2,29.21,28.3,17877.45
2025-01-08,28.91,29.03,29.62,28.26,16597.68
2025-01-09,28.65,29.23,29.49,28.23,17837.74
2025-01-10,29.27,27.71,29.33,27.7,21969.74
2025-01-13,27.33,27.85,27.98,26.87,10956.4
2025-01-14,28.25,28.98,28.98,27.85,16895.0
2025-01-15,28.99,28.72,29.11,28.51,13336.0
2025-01-16,28.72,28.74,29.2,28.35,13156.0
2025-01-17,28.52,28.76,28.84,28.39,11841.0
2025-01-20,29.26,29.08,29.4,28.62,18600.0
2025-01-21,29.02,28.84,29.3,28.43,13839.9
2025-01-22,28.62,28.06,28.74,27.89,12030.4
2025-01-23,28.33,28.13,28.97,28.08,18680.0
2025-01-24,27.94,28.12,28.21,27.83,12367.0
2025-01-27,28.34,27.91,28.64,27.77,12289.2
2025-02-05,27.93,28.4,28.57,27.93,13300.2
2025-02-06,28.39,28.81,28.82,27.98,14869.47
2025-02-07,28.69,29.27,29.62,28.69,21603.0
2025-02-10,29.3,29.92,29.92,29.15,22485.0
2025-02-11,29.93,29.6,29.94,29.34,17959.0
2025-02-12,29.6,29.67,29.73,29.36,14320.04
2025-02-13,29.61,29.58,29.83,29.33,13799.38
2025-02-14,29.58,29.74,30.36,29.39,23989.06
2025-02-17,29.82,30.0,30.29,29.67,18964.39
2025-02-18,29.78,28.75,30.01,28.71,18370.0
2025-02-19,28.76,29.28,29.32,28.57,14806.0
2025-02-20,29.12,29.98,30.69,29.12,29458.0
2025-02-21,30.02,29.73,30.21,29.32,23010.0
2025-02-24,29.62,35.67,35.67,29.49,113779.2
2025-02-25,35.78,34.09,35.88,33.28,95865.04
2025-02-26,33.75,35.2,35.76,33.32,82952.63
2025-02-27,34.79,34.07,35.17,33.79,48710.78
2025-02-28,34.2,32.53,34.37,32.3,39476.55
2025-03-03,32.51,32.92,33.57,32.46,32233.79
2025-03-04,32.92,33.0,33.16,32.41,24533.29
2025-03-05,33.01,34.2,34.32,32.37,51564.51
2025-03-06,33.8,34.25,34.46,33.68,42005.44
2025-03-07,34.0,32.97,34.1,32.68,34491.89
2025-03-10,32.97,33.76,35.12,32.97,38055.84
2025-03-11,33.36,33.14,34.09,32.91,27993.54
2025-03-12,33.54,32.87,33.59,32.76,22690.85
2025-03-13,32.8,33.84,34.22,32.59,34854.46
2025-03-14,33.85,33.92,34.1,33.51,27961.08
2025-03-17,33.97,34.03,34.74,33.7,24884.23
2025-03-18,34.12,33.69,34.22,33.52,19253.0
2025-03-19,33.65,34.0,34.01,33.31,19314.99
2025-03-20,34.02,32.98,34.13,32.95,19496.0
2025-03-21,33.59,31.47,33.99,31.07,30930.31
2025-03-24,31.47,31.07,32.49,30.47,20921.14
2025-03-25,31.02,30.68,31.02,30.24,13209.0
2025-03-26,30.72,31.38,31.5,30.57,17354.66
2025-03-27,31.31,31.57,31.88,30.92,14007.31
2025-03-28,31.87,31.89,32.49,31.52,20927.0
2025-03-31,31.53,32.35,32.79,31.23,22580.1
2025-04-01,33.77,33.01,33.77,32.43,33755.6
2025-04-02,32.38,32.46,33.0,32.31,19976.99
2025-04-03,32.1,31.86,33.1,31.65,19822.11
2025-04-07,29.97,25.5,30.02,25.49,34234.28
2025-04-08,25.74,26.9,28.01,25.74,28796.68
2025-04-09,26.64,27.44,27.68,24.45,24100.0
2025-04-10,28.04,28.62,28.89,27.88,23659.0
2025-04-11,29.22,29.1,30.71,28.36,27303.65
2025-04-14,30.37,29.57,30.37,29.37,21105.18
2025-04-15,29.39,29.76,30.01,29.39,9601.61
2025-04-16,29.55,29.46,29.8,28.99,14882.43
2025-04-17,29.75,30.66,31.75,29.45,32571.0
2025-04-18,31.61,30.28,32.46,29.99,30465.0
2025-04-21,30.57,31.24,31.46,29.57,25502.0
2025-04-22,31.7,30.25,31.7,29.92,31129.47
2025-04-23,30.26,30.58,30.91,30.26,16352.46
2025-04-24,30.62,30.65,31.41,30.47,15486.37
2025-04-25,30.44,30.03,30.77,29.95,15289.0
2025-04-28,30.05,29.7,30.05,29.25,13401.82
2025-04-29,29.71,29.6,30.04,29.52,9864.0
2025-04-30,30.02,29.82,30.04,29.68,9216.45
2025-05-06,30.14,30.57,30.7,29.88,15822.8
2025-05-07,30.71,30.56,31.19,30.21,16113.8
2025-05-08,30.56,30.9,31.01,30.4,12847.0
2025-05-09,31.02,30.64,31.04,30.44,11596.0
2025-05-12,30.9,30.96,31.3,30.41,12273.5
2025-05-13,31.29,30.63,31.34,30.52,10297.2
2025-05-14,30.42,30.37,30.76,30.16,10165.0
2025-05-15,30.21,30.14,30.62,29.92,10312.0
2025-05-16,30.21,30.69,31.09,30.09,13999.0
2025-05-19,31.35,32.42,33.15,30.9,57071.4
2025-05-20,32.02,34.09,34.87,32.02,71857.86
2025-05-21,33.98,33.59,35.8,33.45,74293.54
2025-05-22,33.51,32.63,34.1,32.59,47286.1
2025-05-23,33.73,35.25,37.9,33.28,122511.07
2025-05-26,33.35,32.42,34.0,31.44,98767.48
2025-05-27,31.61,31.75,31.85,31.15,56298.35
2025-05-28,31.75,30.57,31.75,30.38,45606.44
2025-05-29,30.45,31.7,31.72,30.3,50555.29
2025-05-30,31.9,32.14,32.8,31.61,49375.69
2025-06-03,31.53,33.21,33.4,31.53,46703.37
2025-06-04,33.54,32.56,33.59,32.49,33386.0
2025-06-05,32.54,34.17,36.1,31.72,90343.2
2025-06-06,34.44,34.56,36.3,34.35,92853.79
2025-06-09,34.74,35.02,35.62,34.16,66783.18
2025-06-10,35.2,35.97,36.28,34.62,80854.6
2025-06-11,35.65,34.87,35.65,34.52,47990.52
2025-06-12,34.5,34.71,35.1,34.3,39144.6
2025-06-13,34.4,33.66,34.97,33.63,30983.6
2025-06-16,33.56,33.62,34.28,33.41,23847.92
2025-06-17,33.63,33.02,34.23,32.84,30780.38
2025-06-18,32.81,31.99,33.03,31.93,25213.7
2025-06-19,31.99,30.43,32.19,30.25,26680.82
2025-06-20,30.28,30.2,30.72,30.01,15277.0
2025-06-23,30.29,30.56,30.59,29.92,15544.0
2025-06-24,30.56,31.13,31.15,30.48,15473.0
2025-06-25,31.1,31.2,31.2,30.75,20457.8
2025-06-26,31.15,30.95,31.22,30.64,18721.8
2025-06-27,30.96,32.4,32.6,30.86,40340.92
2025-06-30,32.4,32.38,32.55,32.08,20358.38
2025-07-01,32.46,32.59,32.78,32.14,20973.2
2025-07-02,32.75,32.36,32.84,32.03,19776.7
2025-07-03,32.17,32.53,32.65,32.04,18928.51
2025-07-04,32.48,32.15,32.63,31.92,17598.2
2025-07-07,32.2,32.06,32.36,31.92,11666.0
2025-07-08,32.06,32.31,32.9,31.91,18402.0
2025-07-09,32.2,32.02,32.41,31.9,13901.78
2025-07-10,31.93,32.41,32.48,31.74,17006.13
2025-07-11,32.38,32.66,32.8,32.03,22060.0
2025-07-14,32.67,33.0,33.0,32.49,17634.0
2025-07-15,33.03,32.65,33.78,32.26,23178.0
2025-07-16,32.73,33.07,33.08,32.5,18236.0
2025-07-17,32.9,33.2,33.39,32.9,19019.78
2025-07-18,33.13,33.62,33.65,32.85,23077.7
2025-07-21,33.5,34.01,34.43,33.28,29554.0
2025-07-22,34.04,34.12,35.46,33.68,47952.0
2025-07-23,33.79,33.95,34.58,33.33,34812.2
2025-07-24,33.95,34.62,34.79,33.79,32639.77
2025-07-25,36.1,37.38,41.53,35.8,153926.66
2025-07-28,36.2,39.22,39.32,36.01,124803.62
2025-07-29,38.06,39.7,41.01,37.06,106719.52
2025-07-30,38.56,38.18,41.0,38.1,112755.53
2025-07-31,38.0,38.32,39.47,36.72,77491.21
2025-08-01,37.97,36.95,38.8,36.86,64756.34
2025-08-04,36.9,37.5,37.58,36.43,48324.4
2025-08-05,37.54,37.39,38.37,36.96,37047.5
2025-08-06,37.15,36.71,37.69,36.42,39389.35
2025-08-07,36.72,36.21,37.28,36.03,32845.41
2025-08-08,36.06,35.73,36.47,35.53,28191.59
2025-08-11,35.71,36.79,36.87,35.59,30770.27
2025-08-12,36.7,36.25,36.99,35.9,25500.81
2025-08-13,36.29,36.41,36.53,35.75,28304.51
2025-08-14,36.51,35.24,36.65,35.14,31555.21
2025-08-15,35.45,35.82,35.82,35.2,22432.4
2025-08-18,36.78,37.29,37.48,36.3,58487.0
2025-08-19,37.76,37.35,38.2,36.88,47606.01
2025-08-20,36.96,36.88,37.23,36.27,33240.27
2025-08-21,36.93,37.34,37.72,36.58,37981.52
2025-08-22,38.33,36.87,38.53,36.78,43632.03
2025-08-25,36.8,36.96,37.18,36.51,33818.08
2025-08-26,36.9,37.21,37.83,36.61,30557.77
2025-08-27,37.22,35.62,37.25,35.61,33835.85
2025-08-28,35.63,35.44,35.92,34.51,26383.13
2025-08-29,35.69,35.52,35.82,35.2,16425.0
2025-09-01,35.88,36.07,36.11,35.59,18729.05
2025-09-02,36.07,35.0,36.27,34.88,19269.0
2025-09-03,35.3,35.36,35.72,34.71,20190.04
2025-09-04,35.39,34.24,35.5,33.63,19871.42
2025-09-05,34.21,34.97,34.97,34.03,13619.0
2025-09-08,35.19,35.64,35.65,34.83,13812.0
2025-09-09,35.6,35.81,36.6,35.31,26064.0
2025-09-10,36.1,35.11,36.1,34.8,16640.16
2025-09-11,35.1,35.14,35.19,34.2,14489.84
2025-09-12,35.0,34.97,35.4,34.62,16317.71
2025-09-15,34.91,35.08,35.32,34.7,13017.0
2025-09-16,35.1,35.53,35.58,34.82,12363.0
2025-09-17,35.53,35.16,35.66,35.07,11464.0
2025-09-18,35.07,34.2,35.49,34.1,21811.71
2025-09-19,33.96,33.93,34.57,33.71,12551.0
2025-09-22,33.98,33.65,34.36,33.37,12297.89
2025-09-23,33.45,33.5,33.7,32.57,16740.37
2025-09-24,33.42,34.22,34.45,33.28,12777.69
2025-09-25,34.21,33.83,34.49,33.73,10998.0
2025-09-26,33.73,33.6,34.15,33.22,10600.25
2025-09-29,33.5,34.25,35.09,33.1,18907.0
2025-09-30,34.25,34.37,34.46,34.0,12505.75
2025-10-09,34.37,33.83,34.62,33.72,12707.46
2025-10-10,33.6,33.49,33.94,33.3,9011.0
2025-10-13,31.9,32.75,32.86,31.38,16871.36
2025-10-14,32.96,32.67,33.68,32.48,12925.0
2025-10-15,32.67,33.18,33.28,32.51,9555.89
2025-10-16,33.18,32.92,33.36,32.73,7485.73
2025-10-17,32.9,32.4,33.24,32.4,7267.8
2025-10-20,32.43,32.8,32.96,32.42,6403.0
2025-10-21,33.01,33.13,33.18,32.58,9608.21
2025-10-22,33.03,32.97,33.6,32.93,15245.41
2025-10-23,33.09,32.52,33.26,32.17,12796.0
2025-10-24,32.18,31.59,32.33,31.11,21211.86
2025-10-27,31.63,31.64,31.86,31.28,15752.42
2025-10-28,31.68,31.34,31.7,31.12,11877.83
2025-10-29,31.27,31.45,31.51,31.11,11618.27
2025-10-30,31.46,31.25,31.56,31.13,11091.73
2025-10-31,31.44,31.84,32.0,31.27,12143.73
2025-11-03,31.83,32.04,32.17,31.6,10801.84
2025-11-04,32.08,31.58,32.17,31.35,9316.03
2025-11-05,31.58,31.6,31.83,31.4,6554.74
2025-11-06,31.6,31.63,31.69,31.4,5917.26
2025-11-07,31.72,31.5,31.83,31.46,6817.0
2025-11-10,31.69,31.68,31.78,31.43,6749.0
2025-11-11,31.69,31.88,31.96,31.5,8106.17
2025-11-12,31.9,32.14,32.28,31.73,11643.0
2025-11-13,32.12,32.12,32.25,31.8,13891.0
2025-11-14,32.03,32.42,32.71,32.0,18832.22
2025-11-17,32.41,31.89,32.45,31.73,11360.17
2025-11-18,31.75,31.39,31.98,31.29,9774.66
2025-11-19,31.39,30.66,31.53,30.51,9969.0
2025-11-20,30.84,30.45,30.97,30.2,8556.0
2025-11-21,30.45,28.92,30.52,28.87,13452.0
2025-11-24,29.4,29.6,29.73,28.93,7491.38
2025-11-25,30.19,30.02,30.28,29.82,7915.22
2025-11-26,30.3,29.69,30.5,29.69,9952.22
2025-11-27,29.69,29.78,30.0,29.55,5456.18
2025-11-28,29.39,29.28,29.8,29.05,16321.29
2025-12-01,27.82,27.96,28.22,27.3,44325.34
2025-12-02,27.89,28.9,29.97,27.63,37221.43
2025-12-03,28.9,28.06,29.01,27.86,28994.83
2025-12-04,28.1,27.76,28.9,27.76,17684.54
2025-12-05,27.8,27.95,27.99,27.35,14496.0
2025-12-08,27.99,28.05,28.12,27.82,9200.0
2025-12-09,28.04,27.6,28.13,27.6,10766.55
2025-12-10,27.6,27.38,27.65,27.15,10853.84
2025-12-11,27.45,26.8,27.45,26.7,14566.0
2025-12-12,26.8,26.7,27.08,26.49,11080.18
2025-12-15,26.51,26.74,26.92,26.25,9833.34
2025-12-16,26.74,26.26,26.88,26.16,9291.56
2025-12-17,26.13,26.54,26.66,25.87,9435.54
2025-12-18,26.54,26.72,26.8,26.3,11500.4
2025-12-19,26.93,26.81,26.99,26.52,8313.0
2025-12-22,26.68,26.77,27.35,26.6,12513.99
2025-12-23,27.45,28.54,29.3,26.87,55847.8
2025-12-24,28.99,28.68,29.02,28.12,29843.91
2025-12-25,28.68,28.35,28.86,28.2,18537.69
2025-12-26,28.31,29.65,30.58,28.17,50259.95
2025-12-29,30.23,29.21,30.23,29.13,19952.1
2025-12-30,29.68,29.5,29.84,29.12,17578.36
2025-12-31,29.7,29.3,29.88,29.2,15616.37
2026-01-05,29.3,28.91,29.46,28.44,21805.08
2026-01-06,28.94,28.63,29.25,28.3,23367.17
2026-01-07,28.63,28.77,29.03,28.4,17365.0
2026-01-08,28.78,28.81,28.99,28.68,15989.28
2026-01-09,28.7,29.34,29.34,28.4,21598.74
2026-01-12,29.58,30.83,31.43,29.18,40266.48
2026-01-13,31.1,31.31,33.33,31.1,43294.45
2026-01-14,31.47,31.76,32.97,31.12,48548.98
2026-01-15,31.39,30.72,32.34,30.61,34316.9
2026-01-16,30.7,31.12,31.9,29.77,35144.85
2026-01-19,31.0,31.78,32.45,30.94,20537.95
2026-01-20,31.6,31.19,32.23,30.98,25942.0
2026-01-21,30.91,31.17,31.53,30.78,11104.27
2026-01-22,31.36,31.01,31.48,30.83,10798.92
2026-01-23,31.0,30.75,31.16,30.68,11626.0
2026-01-26,30.29,32.72,34.48,29.48,86355.39
2026-01-27,32.05,31.82,32.2,30.6,42861.55
2026-01-28,31.58,30.76,31.68,30.56,22129.0
2026-01-29,30.7,32.19,33.83,30.21,61578.0
2026-01-30,32.54,31.47,32.78,30.92,28065.0
2026-02-02,31.28,32.84,33.05,31.28,46669.7
2026-02-03,33.17,33.63,33.65,32.63,38582.85
2026-02-04,33.32,33.31,33.63,32.8,20852.75
2026-02-05,32.98,33.17,33.79,32.52,22334.0
2026-02-06,33.6,33.6,33.99,32.7,31354.2
2026-02-09,33.01,33.68,34.5,33.01,23401.42
2026-02-10,34.3,35.04,36.85,33.75,85928.22
2026-02-11,35.5,37.07,38.21,34.65,95246.52
2026-02-12,37.6,36.82,37.98,35.0,113665.02
2026-02-13,37.03,37.51,38.88,36.1,57262.0
2026-02-24,36.99,39.27,39.46,36.5,83976.4
2026-02-25,39.59,41.82,44.05,39.2,108245.59
2026-02-26,42.56,42.75,43.18,40.65,65442.47
2026-02-27,42.74,45.3,45.87,41.8,76742.01
2026-03-02,46.02,43.85,46.8,43.36,66031.04
2026-03-03,43.42,41.46,44.0,41.34,47009.4
2026-03-04,40.96,42.5,43.76,40.96,42306.36
2026-03-05,44.09,44.87,45.36,42.51,48616.5
2026-03-06,44.35,43.78,44.87,43.3,39933.76
2026-03-09,43.0,41.94,43.59,41.6,33543.72
2026-03-10,43.53,44.95,45.5,42.23,56404.02
2026-03-11,44.9,49.4,51.5,43.88,83166.88
2026-03-12,49.05,47.95,49.5,47.46,44317.58
2026-03-13,48.39,49.61,52.7,48.39,60561.64
2026-03-16,49.33,50.45,50.95,47.71,38563.2
2026-03-17,50.0,48.51,50.36,48.28,37290.0
2026-03-18,48.95,49.19,49.98,47.0,34358.0
2026-03-19,49.19,50.26,52.63,48.47,52482.0
2026-03-20,50.62,48.95,53.99,47.88,60278.0
2026-03-23,47.53,43.9,48.15,43.7,68969.93
2026-03-24,44.84,44.87,45.7,43.6,41616.53
2026-03-25,44.97,46.41,48.17,44.81,38424.1
2026-03-26,46.26,41.7,46.94,40.88,64820.77
2026-03-27,40.0,39.2,40.8,37.83,80753.88
2026-03-30,38.18,37.5,38.76,36.12,66280.29
2026-03-31,37.18,35.52,37.49,35.4,39895.04
2026-04-01,36.0,37.21,37.57,35.0,48432.66
2026-04-02,36.97,35.9,37.0,35.51,30997.0
2026-04-03,35.67,34.06,36.12,33.85,37576.8
2026-04-07,34.37,35.15,35.43,33.96,41673.85
